E9: 87578.4
E10: 87.35
E14: 0.00000055
E11: 87.26
E12: 0.1773
E8: 0.0000
E15: 0.00150684
E16: 5.92401692
E17: 0.01202825
