E9: 83544.4
E10: 87.35
E14: 0.00000055
E11: 83.8
E12: 0.1669
E8: 0.0000
E15: 0.00153693
E16: 5.95723561
E17: 0.01101955
