E14: 0.00000055
E15: 0.00150684
E16: 5.92401692
E17: 0.01202825
E8: 0
E12: 0.1773