E9: 83706.5
E10: 87.35
E14: 0.00000055
E11: 84.16
E12: 0.1674
E8: 0.0000
E15: 0.00153693
E16: 5.92624364
E17: 0.01092305
